0.0 1e-10
0.0183673469388 1e-10
0.0367346938776 1.88463617389e-10
0.0551020408163 2.77488075192e-10
0.0734693877551 3.65810633583e-10
0.0918367346939 4.54219449469e-10
0.110204081633 5.43592589188e-10
0.128571428571 6.33986788798e-10
0.14693877551 7.25915531591e-10
0.165306122449 8.19768769568e-10
0.183673469388 9.15579730726e-10
0.202040816327 1.01508088598e-09
0.220408163265 1.11816231288e-09
0.238775510204 1.22492306078e-09
0.257142857143 1.33571121135e-09
0.275510204082 1.45116291605e-09
0.29387755102 1.57369183664e-09
0.312244897959 1.70185710579e-09
0.330612244898 1.83707299314e-09
0.348979591837 1.97938216582e-09
0.367346938776 2.13271534283e-09
0.385714285714 2.29369703723e-09
0.404081632653 2.46682995754e-09
0.422448979592 2.65303130302e-09
0.440816326531 2.85591695357e-09
0.459183673469 3.07148737735e-09
0.477551020408 3.30637368043e-09
0.495918367347 3.5625024814e-09
0.514285714286 3.84200968979e-09
0.532653061224 4.15108681462e-09
0.551020408163 4.48916136419e-09
0.569387755102 4.86372147637e-09
0.587755102041 5.27925034803e-09
0.60612244898 5.74613648822e-09
0.624489795918 6.2716200228e-09
0.642857142857 6.864100892e-09
0.661224489796 7.54028461064e-09
0.679591836735 8.31365463635e-09
0.697959183673 9.2086596034e-09
0.716326530612 1.02565452433e-08
0.734693877551 1.14869841178e-08
0.75306122449 1.29482543265e-08
0.771428571429 1.47304773852e-08
0.789795918367 1.68975127292e-08
0.808163265306 1.96168496232e-08
0.826530612245 2.30694002285e-08
0.844897959184 2.76085821862e-08
0.863265306122 3.37172996264e-08
0.881632653061 4.22924287439e-08
0.9 5.50394477175e-08
