0.0001 7.31284567763e-10
0.00011497569954 7.66458154007e-10
0.000132194114847 8.03323531961e-10
0.000151991108295 8.41962074027e-10
0.000174752840001 8.82459066485e-10
0.000200923300257 9.24903897745e-10
0.000231012970008 9.69390255654e-10
0.000265608778295 1.01601633429e-09
0.000305385550883 1.0648850507e-09
0.000351119173422 1.11610427209e-09
0.00040370172586 1.16978705387e-09
0.000464158883361 1.22605188926e-09
0.000533669923121 1.28502297079e-09
0.000613590727341 1.34683046445e-09
0.000705480231072 1.41291166767e-09
0.00081113083079 1.47950695714e-09
0.000932603346883 1.55209783067e-09
0.00107226722201 1.6267511863e-09
0.00123284673944 1.70499524569e-09
0.00141747416293 1.78700271578e-09
0.00162975083462 1.87295461045e-09
0.00187381742286 1.96304065004e-09
0.00215443469003 2.05745968013e-09
0.00247707635599 2.15642011043e-09
0.00284803586844 2.26014037485e-09
0.00327454916288 2.36884941358e-09
0.00376493580679 2.48278717847e-09
0.00432876128108 2.60220516265e-09
0.00497702356433 2.72736695568e-09
0.00572236765935 2.85854882532e-09
0.00657933224658 2.99604032736e-09
0.00756463327555 3.14014494475e-09
0.00869749002618 3.29118075749e-09
0.01 3.44948114468e-09
0.011497569954 3.6153955204e-09
0.0132194114847 3.78929010502e-09
0.0151991108295 3.97154873345e-09
0.0174752840001 4.16257370246e-09
0.0200923300257 4.36278665864e-09
0.0231012970008 4.57262952908e-09
0.0265608778295 4.79256549682e-09
0.0305385550883 5.02308002326e-09
0.0351119173422 5.2646819197e-09
0.040370172586 5.51790447042e-09
0.0464158883361 5.7833066098e-09
0.0533669923121 6.06147415604e-09
0.0613590727341 6.35302110424e-09
0.0705480231072 6.65859098164e-09
0.081113083079 6.97885826812e-09
0.0932603346883 7.31452988489e-09
0.107226722201 7.66634675493e-09
0.123284673944 8.03508543841e-09
0.141747416293 8.42155984674e-09
0.162975083462 8.82662303915e-09
0.187381742286 9.25116910562e-09
0.215443469003 9.69613514038e-09
0.247707635599 1.01625033104e-08
0.284803586844 1.06513030231e-08
0.327454916288 1.11636131989e-08
0.376493580679 1.17005646525e-08
0.432876128108 1.22633425888e-08
0.497702356433 1.28531892193e-08
0.572236765935 1.34714065036e-08
0.657933224658 1.41193590235e-08
0.756463327555 1.47984769951e-08
0.869749002618 1.55102594254e-08
1.0 1.62562774212e-08
1.1497569954 1.70381776568e-08
1.32194114847 1.78576860092e-08
1.51991108295 1.8716611367e-08
1.74752840001 1.96168496232e-08
2.00923300257 2.05603878606e-08
2.31012970008 2.15493087369e-08
2.65608778295 2.25857950827e-08
3.05385550883 2.36721347188e-08
3.51119173422 2.48335898435e-08
4.0370172586 2.60040806407e-08
4.64158883361 2.72799509026e-08
5.33669923121 2.85657469425e-08
6.13590727341 2.99673033958e-08
7.05480231072 3.13797634171e-08
8.1113083079 3.29193874293e-08
9.32603346883 3.44709891218e-08
10.7226722201 3.61622817511e-08
12.3284673944 3.79016280905e-08
14.1747416293 3.97246341311e-08
16.2975083462 4.16353237671e-08
18.7381742286 4.36379144355e-08
21.5443469003 4.57368264249e-08
24.7707635599 4.79366926325e-08
28.4803586844 5.02423687905e-08
32.7454916288 5.26589441835e-08
37.6493580679 5.51917528827e-08
43.2876128108 5.78463855189e-08
49.7702356433 6.06287016236e-08
57.2236765935 6.35448425617e-08
65.7933224658 6.66012450878e-08
75.6463327555 6.98046555539e-08
86.9749002618 7.31621448004e-08
100.0 7.66811237634e-08
