1.0 4.18853555359e-10
1.1497569954 4.36580170765e-10
1.32194114847 4.55476365574e-10
1.51991108295 4.74752922394e-10
1.74752840001 4.95301321768e-10
2.00923300257 5.16263340423e-10
2.31012970008 5.38608406248e-10
2.65608778295 5.614032565e-10
3.05385550883 5.85162824702e-10
3.51119173422 6.10490018815e-10
4.0370172586 6.36327024695e-10
4.64158883361 6.63868723165e-10
5.33669923121 6.91964809219e-10
6.13590727341 7.21914639083e-10
7.05480231072 7.52467329872e-10
8.1113083079 7.85035848108e-10
9.32603346883 8.18259938917e-10
10.7226722201 8.52890131387e-10
12.3284673944 8.89805179649e-10
14.1747416293 9.27463291903e-10
16.2975083462 9.67606038221e-10
18.7381742286 1.00855681895e-09
21.5443469003 1.0522094798e-09
24.7707635599 1.09674082622e-09
28.4803586844 1.14421029391e-09
32.7454916288 1.19263527577e-09
37.6493580679 1.24425527599e-09
43.2876128108 1.29691433656e-09
49.7702356433 1.35180202073e-09
57.2236765935 1.41031112407e-09
65.7933224658 1.46999795871e-09
75.6463327555 1.53362285434e-09
86.9749002618 1.59852845719e-09
100.0 1.66771644867e-09
114.97569954 1.73829712708e-09
132.194114847 1.81353462834e-09
151.991108295 1.89028658728e-09
174.752840001 1.97028682343e-09
200.923300257 2.05556537279e-09
231.012970008 2.14256049636e-09
265.608778295 2.23529544687e-09
305.385550883 2.32989706168e-09
351.119173422 2.43074036999e-09
403.70172586 2.53361355595e-09
464.158883361 2.6432741831e-09
533.669923121 2.75514217193e-09
613.590727341 2.87439106754e-09
705.480231072 2.99604032736e-09
811.13083079 3.12283799672e-09
932.603346883 3.25800161407e-09
1072.26722201 3.39588594348e-09
1232.84673944 3.54286770454e-09
1417.47416293 3.69280806538e-09
1629.75083462 3.85264129939e-09
1873.81742286 4.01569182083e-09
2154.43469003 4.18950020707e-09
2477.07635599 4.36680718694e-09
2848.03586844 4.55161810848e-09
3274.54916288 4.74862261816e-09
3764.93580679 4.94959263687e-09
4328.76128108 5.16382240028e-09
4977.02356433 5.38236440032e-09
5722.36765935 5.61532552191e-09
6579.33224658 5.85297592414e-09
7564.63327555 6.10630619584e-09
8697.49002618 6.36473575934e-09
10000.0 6.64021617479e-09
11497.569954 6.92124174288e-09
13219.4114847 7.21416080477e-09
15199.1108295 7.52640629158e-09
17475.2840001 7.84493697614e-09
20092.3300257 8.18448390771e-09
23101.2970008 8.53086558854e-09
26560.8778295 8.90010108949e-09
30538.5550883 9.27676894169e-09
35111.9173422 9.67828885685e-09
40370.172586 1.00878909771e-08
46415.8883361 1.05148281758e-08
53366.9923121 1.09699341447e-08
61359.0727341 1.14342009537e-08
70548.0231072 1.19290994928e-08
81113.083079 1.24339598579e-08
93260.3346883 1.29721302638e-08
107226.722201 1.35211335162e-08
123284.673944 1.41063593008e-08
141747.416293 1.47033651108e-08
162975.083462 1.53397606003e-08
187381.742286 1.59889661117e-08
215443.469003 1.66656471363e-08
247707.635599 1.73869747091e-08
284803.586844 1.81228219039e-08
327454.916288 1.89072193551e-08
376493.580679 1.97074059635e-08
432876.128108 2.05603878606e-08
497702.356433 2.1430539453e-08
572236.765935 2.23581025342e-08
657933.224658 2.33043365574e-08
756463.327555 2.42906168603e-08
869749.002618 2.53419706756e-08
1000000.0 2.641448722e-08
